BLOCK;0;0;0;LOWERLIMIT;0;0;0;0;0;0;-1
    LINE;0;0;0;30;0;255;0;0;0
    LINE;0;30;0;30;30;255;0;0;0
    LINE;0;30;30;0;30;255;0;0;0
    LINE;0;0;30;0;0;255;0;0;0
    LINE;0;6;6;15;6;255;0;0;0
    LINE;0;15;6;15;24;255;0;0;0
    LINE;0;15;24;24;24;255;0;0;0
END
BLOCK;0;0;0;HIGHERLIMIT;0;0;0;0;0;0;-1
    LINE;0;0;0;30;0;255;0;0;0
    LINE;0;30;0;30;30;255;0;0;0
    LINE;0;30;30;0;30;255;0;0;0
    LINE;0;0;30;0;0;255;0;0;0
    LINE;0;6;6;15;6;255;0;0;0
    LINE;0;15;6;15;24;255;0;0;0
    LINE;0;15;24;24;24;255;0;0;0
END
BLOCK;0;0;0;SIGNALTRANSMITTER;0;0;0;0;0;0;-1
    LINE;0;0;0;30;0;255;0;0;0
    LINE;0;0;30;30;30;255;0;0;0
    LINE;0;0;0;0;30;255;0;0;0
    LINE;0;30;0;30;30;255;0;0;0
    LINE;0;30;0;0;30;255;0;0;0
    TEXT;0;0;0;15;15;1;1;11;255;0;0;0;0;255;255;255;=
    TEXT;0;15;15;15;15;1;1;11;255;0;0;0;0;255;255;255;E
END
BLOCK;0;0;0;LIMITER;0;0;0;0;0;0;-1
    LINE;0;0;0;30;0;255;0;0;0
    LINE;0;30;0;30;30;255;0;0;0
    LINE;0;30;30;0;30;255;0;0;0
    LINE;0;0;30;0;0;255;0;0;0
    LINE;0;15;3;15;27;255;0;0;0
    LINE;0;3;15;27;15;255;0;0;0
    LINE;0;3;24;6;24;255;0;0;0
    LINE;0;6;24;24;6;255;0;0;0
    LINE;0;24;6;27;6;255;0;0;0
    TEXT;0;-45;0;42;30;2;2;6;255;0;0;0;0;255;255;255;MIN=0%
    TEXT;0;33;0;42;30;0;0;6;255;0;0;0;0;255;255;255;MAX=100%
END
BLOCK;0;0;0;DEADBAND;0;0;0;0;0;0;-1
    LINE;0;0;0;30;0;255;0;0;0
    LINE;0;30;0;30;30;255;0;0;0
    LINE;0;30;30;0;30;255;0;0;0
    LINE;0;0;30;0;0;255;0;0;0
    LINE;0;15;3;15;27;255;0;0;0
    LINE;0;3;15;27;15;255;0;0;0
    LINE;0;3;27;9;21;255;0;0;0
    LINE;0;9;15;9;21;255;0;0;0
    LINE;0;21;9;27;3;255;0;0;0
    LINE;0;21;9;21;15;255;0;0;0
END
BLOCK;0;0;0;MULTIPLIER;0;0;0;0;0;0;-1
    LINE;0;0;0;30;0;255;0;0;0
    LINE;0;30;0;30;30;255;0;0;0
    LINE;0;30;30;0;30;255;0;0;0
    LINE;0;0;30;0;0;255;0;0;0
    TEXT;0;0;0;30;30;1;1;11;255;0;0;0;0;255;255;255;X
END
BLOCK;0;0;0;DIVIDER;0;0;0;0;0;0;-1
    LINE;0;0;0;30;0;255;0;0;0
    LINE;0;30;0;30;30;255;0;0;0
    LINE;0;30;30;0;30;255;0;0;0
    LINE;0;0;30;0;0;255;0;0;0
    TEXT;0;0;0;30;30;1;1;11;255;0;0;0;0;255;255;255;/
END
BLOCK;0;0;0;SIGNALSWITCH;0;0;0;0;0;0;-1
    LINE;0;0;0;30;0;255;0;0;0
    LINE;0;30;0;30;30;255;0;0;0
    LINE;0;30;30;0;30;255;0;0;0
    LINE;0;0;30;0;0;255;0;0;0
    LINE;0;7;0;7;7;255;0;0;0
    LINE;0;7;7;10;7;255;0;0;0
    LINE;0;15;23;15;30;255;0;0;0
    LINE;0;15;23;19;5;255;0;0;0
    LINE;0;23;0;23;7;255;0;0;0
    LINE;0;19;7;23;7;255;0;0;0
END
BLOCK;0;0;0;MINIMUMSELECTOR;0;0;0;0;0;0;-1
    LINE;0;0;0;60;0;255;0;0;0
    LINE;0;0;15;60;15;255;0;0;0
    LINE;0;0;0;0;15;255;0;0;0
    LINE;0;60;0;60;15;255;0;0;0
    TEXT;0;0;0;60;15;1;1;11;255;0;0;0;0;255;255;255;MIN
END
BLOCK;0;0;0;MAXIMUMSELECTOR;0;0;0;0;0;0;-1
    LINE;0;0;0;60;0;255;0;0;0
    LINE;0;0;15;60;15;255;0;0;0
    LINE;0;0;0;0;15;255;0;0;0
    LINE;0;60;0;60;15;255;0;0;0
    TEXT;0;0;0;60;15;1;1;11;255;0;0;0;0;255;255;255;MAX
END
BLOCK;0;0;0;PICONTROLLER;0;0;0;0;0;0;-1
    LINE;0;0;0;30;0;255;0;0;0
    LINE;0;0;45;30;45;255;0;0;0
    LINE;0;0;0;0;45;255;0;0;0
    LINE;0;30;0;30;45;255;0;0;0
    LINE;0;0;0;15;15;255;0;0;0
    LINE;0;15;15;30;0;255;0;0;0
    TEXT;0;0;15;30;30;1;1;14;255;0;0;0;0;255;255;255;PI
END
BLOCK;0;0;0;PIDCONTROLLER;0;0;0;0;0;0;-1
    LINE;0;0;0;30;0;255;0;0;0
    LINE;0;0;45;30;45;255;0;0;0
    LINE;0;0;0;0;45;255;0;0;0
    LINE;0;30;0;30;45;255;0;0;0
    LINE;0;0;0;15;15;255;0;0;0
    LINE;0;15;15;30;0;255;0;0;0
    TEXT;0;0;15;30;30;1;1;14;255;0;0;0;0;255;255;255;PID
END
