BLOCK;0;SIGNAL
    LINE;0;0;0;300;0
    LINE;0;0;30;300;30
    LINE;0;0;0;0;30
    LINE;0;210;0;210;30
    LINE;0;300;0;300;30
    TEXT;0;5;0;200;15;0;1;11;Text
    TEXT;0;5;15;200;15;0;1;11;Text
    TEXT;0;215;0;80;15;0;1;11;Text
    TEXT;0;215;15;80;15;0;1;11;Text
END
BLOCK;0;AND
    LINE;0;0;0;30;0
    LINE;0;0;30;30;30
    LINE;0;0;0;0;30
    LINE;0;30;0;30;30
    TEXT;0;0;0;30;30;1;1;14;&
END
BLOCK;0;OR
    LINE;0;0;0;30;0
    LINE;0;0;30;30;30
    LINE;0;0;0;0;30
    LINE;0;30;0;30;30
    TEXT;0;0;0;30;30;1;1;14;≥1
END
BLOCK;0;TIMERON
    LINE;0;0;0;30;0
    LINE;0;30;0;30;30
    LINE;0;30;30;0;30
    LINE;0;0;30;0;0
    LINE;0;7;18;7;22
    LINE;0;23;18;23;22
    LINE;0;23;20;7;20
    TEXT;0;0;-15;30;15;1;1;11;T=1s
    TEXT;0;0;3;15;15;1;1;11;T
    TEXT;0;15;3;15;15;1;1;11;0
END
BLOCK;0;TIMEROFF
    LINE;0;0;0;30;0
    LINE;0;30;0;30;30
    LINE;0;30;30;0;30
    LINE;0;0;30;0;0
    LINE;0;7;18;7;22
    LINE;0;23;18;23;22
    LINE;0;23;20;7;20
    TEXT;0;0;-15;30;15;1;1;11;T=1s
    TEXT;0;0;3;15;15;1;1;11;0
    TEXT;0;15;3;15;15;1;1;11;T
END
BLOCK;0;TIMERPULSE
    LINE;0;0;0;30;0
    LINE;0;30;0;30;30
    LINE;0;30;30;0;30
    LINE;0;0;30;0;0
    LINE;0;7;19;11;19
    LINE;0;19;19;23;19
    LINE;0;11;11;19;11
    LINE;0;11;11;11;19
    LINE;0;19;11;19;19
    TEXT;0;0;-15;30;15;1;1;11;T=1s
END
BLOCK;0;MEMORYRESET
    LINE;0;0;0;0;30
    LINE;0;30;0;30;30
    LINE;0;60;0;60;30
    LINE;0;0;0;60;0
    LINE;0;0;30;60;30
    LINE;0;30;20;60;20
    RECTANGLE;0;30;20;30;10;True
    TEXT;0;0;0;30;20;1;1;14;S
    TEXT;0;30;0;30;20;1;1;14;R
END
BLOCK;0;MEMORYSET
    LINE;0;0;0;0;30
    LINE;0;30;0;30;30
    LINE;0;60;0;60;30
    LINE;0;0;0;60;0
    LINE;0;0;30;60;30
    LINE;0;0;20;30;20
    RECTANGLE;0;0;20;30;10;True
    TEXT;0;0;0;30;20;1;1;14;S
    TEXT;0;30;0;30;20;1;1;14;R
END
BLOCK;0;INVERTER
    LINE;0;0;0;30;0
    LINE;0;0;30;30;30
    LINE;0;0;0;0;30
    LINE;0;30;0;30;30
    TEXT;0;0;0;30;30;1;1;14;1
END