LINE;0;540;195;555;195
LINE;0;555;195;555;390
LINE;0;780;255;795;255
LINE;0;795;255;795;330
LINE;0;720;195;735;195
LINE;0;735;195;735;240
LINE;0;660;405;675;405
LINE;0;675;405;675;420
LINE;0;525;405;540;405
LINE;0;645;435;660;435
LINE;0;690;435;750;435
LINE;0;705;255;720;255
LINE;0;705;345;720;345
LINE;0;720;285;735;285
LINE;0;735;285;735;330
LINE;0;720;225;735;225
LINE;0;720;315;735;315
LINE;0;780;435;825;435
LINE;0;825;435;825;480
LINE;0;840;495;855;495
LINE;0;750;345;780;345
LINE;0;810;345;825;345
LINE;0;750;255;765;255
LINE;0;660;495;675;495
LINE;0;675;495;675;540
LINE;0;795;495;810;495
LINE;0;690;555;705;555
LINE;0;645;555;660;555
LINE;0;570;405;585;405
LINE;0;540;225;555;225
LINE;0;540;255;555;255
LINE;0;540;285;555;285
LINE;0;540;315;555;315
LINE;0;540;345;555;345
LINE;0;540;375;555;375
LINE;0;750;405;765;405
LINE;0;765;405;765;420
LINE;0;360;405;375;405
LINE;0;375;405;375;420
LINE;0;345;435;360;435
LINE;0;345;495;360;495
LINE;0;360;465;375;465
LINE;0;375;465;375;480
LINE;0;390;435;405;435
LINE;0;390;495;405;495
LINE;0;420;435;435;435
LINE;0;435;435;435;510
LINE;0;420;495;435;495
LINE;0;450;525;465;525
LINE;0;660;525;675;525
BLOCK;0;OR
    LINE;0;720;240;750;240
    LINE;0;720;270;750;270
    LINE;0;720;240;720;270
    LINE;0;750;240;750;270
    TEXT;0;720;240;30;30;1;1;14;≥2
END
BLOCK;0;OR
    LINE;0;720;330;750;330
    LINE;0;720;360;750;360
    LINE;0;720;330;720;360
    LINE;0;750;330;750;360
    TEXT;0;720;330;30;30;1;1;14;≥1
END
BLOCK;0;AND
    LINE;0;780;330;810;330
    LINE;0;780;360;810;360
    LINE;0;780;330;780;360
    LINE;0;810;330;810;360
    TEXT;0;780;330;30;30;1;1;14;&
END
BLOCK;0;AND
    LINE;0;540;390;570;390
    LINE;0;540;420;570;420
    LINE;0;540;390;540;420
    LINE;0;570;390;570;420
    TEXT;0;540;390;30;30;1;1;14;&
END
BLOCK;0;OR
    LINE;0;660;420;690;420
    LINE;0;660;450;690;450
    LINE;0;660;420;660;450
    LINE;0;690;420;690;450
    TEXT;0;660;420;30;30;1;1;14;≥1
END
BLOCK;0;OR
    LINE;0;750;420;780;420
    LINE;0;750;450;780;450
    LINE;0;750;420;750;450
    LINE;0;780;420;780;450
    TEXT;0;750;420;30;30;1;1;14;≥1
END
BLOCK;0;OR
    LINE;0;810;480;840;480
    LINE;0;810;510;840;510
    LINE;0;810;480;810;510
    LINE;0;840;480;840;510
    TEXT;0;810;480;30;30;1;1;14;≥1
END
BLOCK;0;AND
    LINE;0;660;540;690;540
    LINE;0;660;570;690;570
    LINE;0;660;540;660;570
    LINE;0;690;540;690;570
    TEXT;0;660;540;30;30;1;1;14;&
END
BLOCK;0;AND
    LINE;0;420;510;450;510
    LINE;0;420;540;450;540
    LINE;0;420;510;420;540
    LINE;0;450;510;450;540
    TEXT;0;420;510;30;30;1;1;14;&
END
BLOCK;0;OR
    LINE;0;360;420;390;420
    LINE;0;360;450;390;450
    LINE;0;360;420;360;450
    LINE;0;390;420;390;450
    TEXT;0;360;420;30;30;1;1;14;≥1
END
BLOCK;0;OR
    LINE;0;360;480;390;480
    LINE;0;360;510;390;510
    LINE;0;360;480;360;510
    LINE;0;390;480;390;510
    TEXT;0;360;480;30;30;1;1;14;≥1
END
