LINE;0;570;75;585;75
LINE;0;570;165;585;165
LINE;0;600;225;615;225
LINE;0;720;375;735;375
LINE;0;720;405;735;405
LINE;0;735;540;735;570
LINE;0;510;285;525;285
LINE;0;525;285;525;510
LINE;0;510;315;525;315
LINE;0;525;540;525;570
LINE;0;585;75;585;210
LINE;0;735;375;735;510
BLOCK;0;SIGNAL
    LINE;0;930;210;1230;210
    LINE;0;930;240;1230;240
    LINE;0;930;210;930;240
    LINE;0;1140;210;1140;240
    LINE;0;1230;210;1230;240
    TEXT;0;935;210;200;15;0;1;11;Text
    TEXT;0;935;225;200;15;0;1;11;Text
    TEXT;0;1145;210;80;15;0;1;11;Text
    TEXT;0;1145;225;80;15;0;1;11;Text
END
BLOCK;0;SIGNAL
    LINE;0;30;270;330;270
    LINE;0;30;300;330;300
    LINE;0;30;270;30;300
    LINE;0;240;270;240;300
    LINE;0;330;270;330;300
    TEXT;0;35;270;200;15;0;1;11;Text
    TEXT;0;35;285;200;15;0;1;11;Text
    TEXT;0;245;270;80;15;0;1;11;Text
    TEXT;0;245;285;80;15;0;1;11;Text
END
BLOCK;0;SIGNAL
    LINE;0;30;60;330;60
    LINE;0;30;90;330;90
    LINE;0;30;60;30;90
    LINE;0;240;60;240;90
    LINE;0;330;60;330;90
    TEXT;0;35;60;200;15;0;1;11;Text
    TEXT;0;35;75;200;15;0;1;11;Text
    TEXT;0;245;60;80;15;0;1;11;Text
    TEXT;0;245;75;80;15;0;1;11;Text
END
BLOCK;0;AND
    LINE;0;570;210;600;210
    LINE;0;570;240;600;240
    LINE;0;570;210;570;240
    LINE;0;600;210;600;240
    TEXT;0;570;210;30;30;1;1;14;&
END
BLOCK;0;AND
    LINE;0;720;510;750;510
    LINE;0;720;540;750;540
    LINE;0;720;510;720;540
    LINE;0;750;510;750;540
    TEXT;0;720;510;30;30;1;1;14;&
END
BLOCK;0;OR
    LINE;0;510;510;540;510
    LINE;0;510;540;540;540
    LINE;0;510;510;510;540
    LINE;0;540;510;540;540
    TEXT;0;510;510;30;30;1;1;14;≥1
END
BLOCK;0;BLOCK0
    LINE;0;390;690;870;690
    LINE;0;390;570;870;570
    LINE;0;390;570;390;690
    LINE;0;870;570;870;690
    LINE;0;390;585;870;585
    LINE;0;390;600;870;600
    LINE;0;390;615;420;615
    LINE;0;390;630;420;630
    LINE;0;390;645;420;645
    LINE;0;390;660;870;660
    LINE;0;390;675;870;675
    LINE;0;840;615;870;615
    LINE;0;840;630;870;630
    LINE;0;840;645;870;645
    LINE;0;420;570;420;690
    LINE;0;840;570;840;690
    LINE;0;450;570;450;600
    LINE;0;480;570;480;600
    LINE;0;510;570;510;600
    LINE;0;540;570;540;600
    LINE;0;570;570;570;600
    LINE;0;600;570;600;600
    LINE;0;630;570;630;600
    LINE;0;660;570;660;600
    LINE;0;690;570;690;600
    LINE;0;720;570;720;600
    LINE;0;750;570;750;600
    LINE;0;780;570;780;600
    LINE;0;810;570;810;600
    LINE;0;450;660;450;690
    LINE;0;480;660;480;690
    LINE;0;510;660;510;690
    LINE;0;540;660;540;690
    LINE;0;570;660;570;690
    LINE;0;600;660;600;690
    LINE;0;630;660;630;690
    LINE;0;660;660;660;690
    LINE;0;690;660;690;690
    LINE;0;720;660;720;690
    LINE;0;750;660;750;690
    LINE;0;780;660;780;690
    LINE;0;810;660;810;690
    LINE;0;540;600;540;660
    LINE;0;720;600;720;660
    TEXT;0;390;570;30;15;1;1;11;Text
    TEXT;0;420;570;30;15;1;1;11;Text
    TEXT;0;450;570;30;15;1;1;11;Text
    TEXT;0;480;570;30;15;1;1;11;Text
    TEXT;0;510;570;30;15;1;1;11;Text
    TEXT;0;540;570;30;15;1;1;11;Text
    TEXT;0;570;570;30;15;1;1;11;Text
    TEXT;0;600;570;30;15;1;1;11;Text
    TEXT;0;630;570;30;15;1;1;11;Text
    TEXT;0;660;570;30;15;1;1;11;Text
    TEXT;0;690;570;30;15;1;1;11;Text
    TEXT;0;720;570;30;15;1;1;11;Text
    TEXT;0;750;570;30;15;1;1;11;Text
    TEXT;0;780;570;30;15;1;1;11;Text
    TEXT;0;810;570;30;15;1;1;11;Text
    TEXT;0;840;570;30;15;1;1;11;Text
    TEXT;0;390;585;30;15;1;1;11;Text
    TEXT;0;420;585;30;15;1;1;11;Text
    TEXT;0;450;585;30;15;1;1;11;Text
    TEXT;0;480;585;30;15;1;1;11;Text
    TEXT;0;510;585;30;15;1;1;11;Text
    TEXT;0;540;585;30;15;1;1;11;Text
    TEXT;0;570;585;30;15;1;1;11;Text
    TEXT;0;600;585;30;15;1;1;11;Text
    TEXT;0;630;585;30;15;1;1;11;Text
    TEXT;0;660;585;30;15;1;1;11;Text
    TEXT;0;690;585;30;15;1;1;11;Text
    TEXT;0;720;585;30;15;1;1;11;Text
    TEXT;0;750;585;30;15;1;1;11;Text
    TEXT;0;780;585;30;15;1;1;11;Text
    TEXT;0;810;585;30;15;1;1;11;Text
    TEXT;0;840;585;30;15;1;1;11;Text
    TEXT;0;390;660;30;15;1;1;11;Text
    TEXT;0;420;660;30;15;1;1;11;Text
    TEXT;0;450;660;30;15;1;1;11;Text
    TEXT;0;480;660;30;15;1;1;11;Text
    TEXT;0;510;660;30;15;1;1;11;Text
    TEXT;0;540;660;30;15;1;1;11;Text
    TEXT;0;570;660;30;15;1;1;11;Text
    TEXT;0;600;660;30;15;1;1;11;Text
    TEXT;0;630;660;30;15;1;1;11;Text
    TEXT;0;660;660;30;15;1;1;11;Text
    TEXT;0;690;660;30;15;1;1;11;Text
    TEXT;0;720;660;30;15;1;1;11;Text
    TEXT;0;750;660;30;15;1;1;11;Text
    TEXT;0;780;660;30;15;1;1;11;Text
    TEXT;0;810;660;30;15;1;1;11;Text
    TEXT;0;840;660;30;15;1;1;11;Text
    TEXT;0;390;675;30;15;1;1;11;Text
    TEXT;0;420;675;30;15;1;1;11;Text
    TEXT;0;450;675;30;15;1;1;11;Text
    TEXT;0;480;675;30;15;1;1;11;Text
    TEXT;0;510;675;30;15;1;1;11;Text
    TEXT;0;540;675;30;15;1;1;11;Text
    TEXT;0;570;675;30;15;1;1;11;Text
    TEXT;0;600;675;30;15;1;1;11;Text
    TEXT;0;630;675;30;15;1;1;11;Text
    TEXT;0;660;675;30;15;1;1;11;Text
    TEXT;0;690;675;30;15;1;1;11;Text
    TEXT;0;720;675;30;15;1;1;11;Text
    TEXT;0;750;675;30;15;1;1;11;Text
    TEXT;0;780;675;30;15;1;1;11;Text
    TEXT;0;810;675;30;15;1;1;11;Text
    TEXT;0;840;675;30;15;1;1;11;Text
    TEXT;0;540;600;180;60;1;1;14;BLOCK
    TEXT;0;420;600;120;60;1;1;14;BLOCK
    TEXT;0;720;600;120;60;1;1;14;BLOCK
END
BLOCK;0;SIGNAL
    LINE;0;30;300;330;300
    LINE;0;30;330;330;330
    LINE;0;30;300;30;330
    LINE;0;240;300;240;330
    LINE;0;330;300;330;330
    TEXT;0;35;300;200;15;0;1;11;Text
    TEXT;0;35;315;200;15;0;1;11;Text
    TEXT;0;245;300;80;15;0;1;11;Text
    TEXT;0;245;315;80;15;0;1;11;Text
END
BLOCK;0;SIGNAL
    LINE;0;30;150;330;150
    LINE;0;30;180;330;180
    LINE;0;30;150;30;180
    LINE;0;240;150;240;180
    LINE;0;330;150;330;180
    TEXT;0;35;150;200;15;0;1;11;Text
    TEXT;0;35;165;200;15;0;1;11;Text
    TEXT;0;245;150;80;15;0;1;11;Text
    TEXT;0;245;165;80;15;0;1;11;Text
END
BLOCK;0;SIGNAL
    LINE;0;30;360;330;360
    LINE;0;30;390;330;390
    LINE;0;30;360;30;390
    LINE;0;240;360;240;390
    LINE;0;330;360;330;390
    TEXT;0;35;360;200;15;0;1;11;Text
    TEXT;0;35;375;200;15;0;1;11;Text
    TEXT;0;245;360;80;15;0;1;11;Text
    TEXT;0;245;375;80;15;0;1;11;Text
END
BLOCK;0;SIGNAL
    LINE;0;30;390;330;390
    LINE;0;30;420;330;420
    LINE;0;30;390;30;420
    LINE;0;240;390;240;420
    LINE;0;330;390;330;420
    TEXT;0;35;390;200;15;0;1;11;Text
    TEXT;0;35;405;200;15;0;1;11;Text
    TEXT;0;245;390;80;15;0;1;11;Text
    TEXT;0;245;405;80;15;0;1;11;Text
END
