BLOCK;0;AND
    LINE;0;0;0;30;0
    LINE;0;0;30;30;30
    LINE;0;0;0;0;30
    LINE;0;30;0;30;30
    TEXT;0;0;0;30;30;1;1;14;&
END
BLOCK;0;OR
    LINE;0;0;0;30;0
    LINE;0;0;30;30;30
    LINE;0;0;0;0;30
    LINE;0;30;0;30;30
    TEXT;0;0;0;30;30;1;1;14;≥1
END
BLOCK;0;SIGNAL
    LINE;0;0;0;300;0
    LINE;0;0;30;300;30
    LINE;0;0;0;0;30
    LINE;0;210;0;210;30
    LINE;0;300;0;300;30
    TEXT;0;5;0;200;15;0;1;11;Text
    TEXT;0;5;15;200;15;0;1;11;Text
    TEXT;0;215;0;80;15;0;1;11;Text
    TEXT;0;215;15;80;15;0;1;11;Text
END
BLOCK;0;MULTIPLY
    LINE;0;0;0;30;0
    LINE;0;30;0;30;30
    LINE;0;30;30;0;30
    LINE;0;0;30;0;0
    TEXT;0;0;0;30;30;1;1;11;X
END
BLOCK;0;DIVIDE
    LINE;0;0;0;30;0
    LINE;0;30;0;30;30
    LINE;0;30;30;0;30
    LINE;0;0;30;0;0
    TEXT;0;0;0;30;30;1;1;11;/
END
BLOCK;0;TIMERON
    LINE;0;0;0;30;0
    LINE;0;30;0;30;30
    LINE;0;30;30;0;30
    LINE;0;0;30;0;0
    LINE;0;7;18;7;22
    LINE;0;23;18;23;22
    LINE;0;23;20;7;20
    TEXT;0;0;-15;30;15;1;1;11;T=1s
    TEXT;0;0;3;15;15;1;1;11;T
    TEXT;0;15;3;15;15;1;1;11;0
END
BLOCK;0;TIMEROFF
    LINE;0;0;0;30;0
    LINE;0;30;0;30;30
    LINE;0;30;30;0;30
    LINE;0;0;30;0;0
    LINE;0;7;18;7;22
    LINE;0;23;18;23;22
    LINE;0;23;20;7;20
    TEXT;0;0;-15;30;15;1;1;11;T=1s
    TEXT;0;0;3;15;15;1;1;11;0
    TEXT;0;15;3;15;15;1;1;11;T
END
BLOCK;0;TIMERPULSE
    LINE;0;0;0;30;0
    LINE;0;30;0;30;30
    LINE;0;30;30;0;30
    LINE;0;0;30;0;0
    LINE;0;7;19;11;19
    LINE;0;19;19;23;19
    LINE;0;11;11;19;11
    LINE;0;11;11;11;19
    LINE;0;19;11;19;19
    TEXT;0;0;-15;30;15;1;1;11;T=1s
END
BLOCK;0;DEVICE
    LINE;0;0;120;480;120
    LINE;0;0;0;480;0
    LINE;0;0;0;0;120
    LINE;0;480;0;480;120
    LINE;0;0;15;480;15
    LINE;0;0;30;480;30
    LINE;0;0;45;30;45
    LINE;0;0;60;30;60
    LINE;0;0;75;30;75
    LINE;0;0;90;480;90
    LINE;0;0;105;480;105
    LINE;0;450;45;480;45
    LINE;0;450;60;480;60
    LINE;0;450;75;480;75
    LINE;0;30;0;30;120
    LINE;0;450;0;450;120
    LINE;0;60;0;60;30
    LINE;0;90;0;90;30
    LINE;0;120;0;120;30
    LINE;0;150;0;150;30
    LINE;0;180;0;180;30
    LINE;0;210;0;210;30
    LINE;0;240;0;240;30
    LINE;0;270;0;270;30
    LINE;0;300;0;300;30
    LINE;0;330;0;330;30
    LINE;0;360;0;360;30
    LINE;0;390;0;390;30
    LINE;0;420;0;420;30
    LINE;0;60;90;60;120
    LINE;0;90;90;90;120
    LINE;0;120;90;120;120
    LINE;0;150;90;150;120
    LINE;0;180;90;180;120
    LINE;0;210;90;210;120
    LINE;0;240;90;240;120
    LINE;0;270;90;270;120
    LINE;0;300;90;300;120
    LINE;0;330;90;330;120
    LINE;0;360;90;360;120
    LINE;0;390;90;390;120
    LINE;0;420;90;420;120
    LINE;0;150;30;150;90
    LINE;0;330;30;330;90
    TEXT;0;0;0;30;15;1;1;11;Text
    TEXT;0;30;0;30;15;1;1;11;Text
    TEXT;0;60;0;30;15;1;1;11;Text
    TEXT;0;90;0;30;15;1;1;11;Text
    TEXT;0;120;0;30;15;1;1;11;Text
    TEXT;0;150;0;30;15;1;1;11;Text
    TEXT;0;180;0;30;15;1;1;11;Text
    TEXT;0;210;0;30;15;1;1;11;Text
    TEXT;0;240;0;30;15;1;1;11;Text
    TEXT;0;270;0;30;15;1;1;11;Text
    TEXT;0;300;0;30;15;1;1;11;Text
    TEXT;0;330;0;30;15;1;1;11;Text
    TEXT;0;360;0;30;15;1;1;11;Text
    TEXT;0;390;0;30;15;1;1;11;Text
    TEXT;0;420;0;30;15;1;1;11;Text
    TEXT;0;450;0;30;15;1;1;11;Text
    TEXT;0;0;15;30;15;1;1;11;Text
    TEXT;0;30;15;30;15;1;1;11;Text
    TEXT;0;60;15;30;15;1;1;11;Text
    TEXT;0;90;15;30;15;1;1;11;Text
    TEXT;0;120;15;30;15;1;1;11;Text
    TEXT;0;150;15;30;15;1;1;11;Text
    TEXT;0;180;15;30;15;1;1;11;Text
    TEXT;0;210;15;30;15;1;1;11;Text
    TEXT;0;240;15;30;15;1;1;11;Text
    TEXT;0;270;15;30;15;1;1;11;Text
    TEXT;0;300;15;30;15;1;1;11;Text
    TEXT;0;330;15;30;15;1;1;11;Text
    TEXT;0;360;15;30;15;1;1;11;Text
    TEXT;0;390;15;30;15;1;1;11;Text
    TEXT;0;420;15;30;15;1;1;11;Text
    TEXT;0;450;15;30;15;1;1;11;Text
    TEXT;0;0;90;30;15;1;1;11;Text
    TEXT;0;30;90;30;15;1;1;11;Text
    TEXT;0;60;90;30;15;1;1;11;Text
    TEXT;0;90;90;30;15;1;1;11;Text
    TEXT;0;120;90;30;15;1;1;11;Text
    TEXT;0;150;90;30;15;1;1;11;Text
    TEXT;0;180;90;30;15;1;1;11;Text
    TEXT;0;210;90;30;15;1;1;11;Text
    TEXT;0;240;90;30;15;1;1;11;Text
    TEXT;0;270;90;30;15;1;1;11;Text
    TEXT;0;300;90;30;15;1;1;11;Text
    TEXT;0;330;90;30;15;1;1;11;Text
    TEXT;0;360;90;30;15;1;1;11;Text
    TEXT;0;390;90;30;15;1;1;11;Text
    TEXT;0;420;90;30;15;1;1;11;Text
    TEXT;0;450;90;30;15;1;1;11;Text
    TEXT;0;0;105;30;15;1;1;11;Text
    TEXT;0;30;105;30;15;1;1;11;Text
    TEXT;0;60;105;30;15;1;1;11;Text
    TEXT;0;90;105;30;15;1;1;11;Text
    TEXT;0;120;105;30;15;1;1;11;Text
    TEXT;0;150;105;30;15;1;1;11;Text
    TEXT;0;180;105;30;15;1;1;11;Text
    TEXT;0;210;105;30;15;1;1;11;Text
    TEXT;0;240;105;30;15;1;1;11;Text
    TEXT;0;270;105;30;15;1;1;11;Text
    TEXT;0;300;105;30;15;1;1;11;Text
    TEXT;0;330;105;30;15;1;1;11;Text
    TEXT;0;360;105;30;15;1;1;11;Text
    TEXT;0;390;105;30;15;1;1;11;Text
    TEXT;0;420;105;30;15;1;1;11;Text
    TEXT;0;450;105;30;15;1;1;11;Text
    TEXT;0;150;30;180;60;1;1;14;BLOCK
    TEXT;0;30;30;120;60;1;1;14;BLOCK
    TEXT;0;330;30;120;60;1;1;14;BLOCK
END
