BLOCK;0;RECURSIVE
    LINE;0;510;285;525;285
    LINE;0;525;285;525;330
    LINE;0;510;315;525;315
    LINE;0;495;345;510;345
    LINE;0;495;465;510;465
    LINE;0;510;405;525;405
    LINE;0;525;405;525;450
    LINE;0;510;435;525;435
    LINE;0;600;345;615;345
    LINE;0;630;465;645;465
    LINE;0;615;345;615;450
    LINE;0;540;465;600;465
    BLOCK;0;OR
        LINE;0;510;330;540;330
        LINE;0;510;360;540;360
        LINE;0;510;330;510;360
        LINE;0;540;330;540;360
        TEXT;0;510;330;30;30;1;1;14;≥1
    END
    BLOCK;0;OR
        LINE;0;510;450;540;450
        LINE;0;510;480;540;480
        LINE;0;510;450;510;480
        LINE;0;540;450;540;480
        TEXT;0;510;450;30;30;1;1;14;≥2
    END
    BLOCK;0;AND
        LINE;0;600;450;630;450
        LINE;0;600;480;630;480
        LINE;0;600;450;600;480
        LINE;0;630;450;630;480
        TEXT;0;600;450;30;30;1;1;14;&
    END
END
