LINE;0;540;45;555;45
LINE;0;540;135;555;135
LINE;0;570;195;585;195
LINE;0;690;345;705;345
LINE;0;690;375;705;375
LINE;0;705;510;705;540
LINE;0;480;255;495;255
LINE;0;495;255;495;480
LINE;0;480;285;495;285
LINE;0;495;510;495;540
LINE;0;555;45;555;180
LINE;0;705;345;705;480
BLOCK;0;SIGNAL
    LINE;0;900;180;1200;180
    LINE;0;900;210;1200;210
    LINE;0;900;180;900;210
    LINE;0;1110;180;1110;210
    LINE;0;1200;180;1200;210
    TEXT;0;905;180;200;15;0;1;11;Text
    TEXT;0;905;195;200;15;0;1;11;Text
    TEXT;0;1115;180;80;15;0;1;11;Text
    TEXT;0;1115;195;80;15;0;1;11;Text
END
BLOCK;0;SIGNAL
    LINE;0;0;240;300;240
    LINE;0;0;270;300;270
    LINE;0;0;240;0;270
    LINE;0;210;240;210;270
    LINE;0;300;240;300;270
    TEXT;0;5;240;200;15;0;1;11;Text
    TEXT;0;5;255;200;15;0;1;11;Text
    TEXT;0;215;240;80;15;0;1;11;Text
    TEXT;0;215;255;80;15;0;1;11;Text
END
BLOCK;0;SIGNAL
    LINE;0;0;30;300;30
    LINE;0;0;60;300;60
    LINE;0;0;30;0;60
    LINE;0;210;30;210;60
    LINE;0;300;30;300;60
    TEXT;0;5;30;200;15;0;1;11;Text
    TEXT;0;5;45;200;15;0;1;11;Text
    TEXT;0;215;30;80;15;0;1;11;Text
    TEXT;0;215;45;80;15;0;1;11;Text
END
BLOCK;0;AND
    LINE;0;540;180;570;180
    LINE;0;540;210;570;210
    LINE;0;540;180;540;210
    LINE;0;570;180;570;210
    TEXT;0;540;180;30;30;1;1;14;&
END
BLOCK;0;AND
    LINE;0;690;480;720;480
    LINE;0;690;510;720;510
    LINE;0;690;480;690;510
    LINE;0;720;480;720;510
    TEXT;0;690;480;30;30;1;1;14;&
END
BLOCK;0;OR
    LINE;0;480;480;510;480
    LINE;0;480;510;510;510
    LINE;0;480;480;480;510
    LINE;0;510;480;510;510
    TEXT;0;480;480;30;30;1;1;14;≥1
END
BLOCK;0;BLOCK0
    LINE;0;360;660;840;660
    LINE;0;360;540;840;540
    LINE;0;360;540;360;660
    LINE;0;840;540;840;660
    LINE;0;360;555;840;555
    LINE;0;360;570;840;570
    LINE;0;360;585;390;585
    LINE;0;360;600;390;600
    LINE;0;360;615;390;615
    LINE;0;360;630;840;630
    LINE;0;360;645;840;645
    LINE;0;810;585;840;585
    LINE;0;810;600;840;600
    LINE;0;810;615;840;615
    LINE;0;390;540;390;660
    LINE;0;810;540;810;660
    LINE;0;420;540;420;570
    LINE;0;450;540;450;570
    LINE;0;480;540;480;570
    LINE;0;510;540;510;570
    LINE;0;540;540;540;570
    LINE;0;570;540;570;570
    LINE;0;600;540;600;570
    LINE;0;630;540;630;570
    LINE;0;660;540;660;570
    LINE;0;690;540;690;570
    LINE;0;720;540;720;570
    LINE;0;750;540;750;570
    LINE;0;780;540;780;570
    LINE;0;420;630;420;660
    LINE;0;450;630;450;660
    LINE;0;480;630;480;660
    LINE;0;510;630;510;660
    LINE;0;540;630;540;660
    LINE;0;570;630;570;660
    LINE;0;600;630;600;660
    LINE;0;630;630;630;660
    LINE;0;660;630;660;660
    LINE;0;690;630;690;660
    LINE;0;720;630;720;660
    LINE;0;750;630;750;660
    LINE;0;780;630;780;660
    LINE;0;510;570;510;630
    LINE;0;690;570;690;630
    TEXT;0;360;540;30;15;1;1;11;Text
    TEXT;0;390;540;30;15;1;1;11;Text
    TEXT;0;420;540;30;15;1;1;11;Text
    TEXT;0;450;540;30;15;1;1;11;Text
    TEXT;0;480;540;30;15;1;1;11;Text
    TEXT;0;510;540;30;15;1;1;11;Text
    TEXT;0;540;540;30;15;1;1;11;Text
    TEXT;0;570;540;30;15;1;1;11;Text
    TEXT;0;600;540;30;15;1;1;11;Text
    TEXT;0;630;540;30;15;1;1;11;Text
    TEXT;0;660;540;30;15;1;1;11;Text
    TEXT;0;690;540;30;15;1;1;11;Text
    TEXT;0;720;540;30;15;1;1;11;Text
    TEXT;0;750;540;30;15;1;1;11;Text
    TEXT;0;780;540;30;15;1;1;11;Text
    TEXT;0;810;540;30;15;1;1;11;Text
    TEXT;0;360;555;30;15;1;1;11;Text
    TEXT;0;390;555;30;15;1;1;11;Text
    TEXT;0;420;555;30;15;1;1;11;Text
    TEXT;0;450;555;30;15;1;1;11;Text
    TEXT;0;480;555;30;15;1;1;11;Text
    TEXT;0;510;555;30;15;1;1;11;Text
    TEXT;0;540;555;30;15;1;1;11;Text
    TEXT;0;570;555;30;15;1;1;11;Text
    TEXT;0;600;555;30;15;1;1;11;Text
    TEXT;0;630;555;30;15;1;1;11;Text
    TEXT;0;660;555;30;15;1;1;11;Text
    TEXT;0;690;555;30;15;1;1;11;Text
    TEXT;0;720;555;30;15;1;1;11;Text
    TEXT;0;750;555;30;15;1;1;11;Text
    TEXT;0;780;555;30;15;1;1;11;Text
    TEXT;0;810;555;30;15;1;1;11;Text
    TEXT;0;360;630;30;15;1;1;11;Text
    TEXT;0;390;630;30;15;1;1;11;Text
    TEXT;0;420;630;30;15;1;1;11;Text
    TEXT;0;450;630;30;15;1;1;11;Text
    TEXT;0;480;630;30;15;1;1;11;Text
    TEXT;0;510;630;30;15;1;1;11;Text
    TEXT;0;540;630;30;15;1;1;11;Text
    TEXT;0;570;630;30;15;1;1;11;Text
    TEXT;0;600;630;30;15;1;1;11;Text
    TEXT;0;630;630;30;15;1;1;11;Text
    TEXT;0;660;630;30;15;1;1;11;Text
    TEXT;0;690;630;30;15;1;1;11;Text
    TEXT;0;720;630;30;15;1;1;11;Text
    TEXT;0;750;630;30;15;1;1;11;Text
    TEXT;0;780;630;30;15;1;1;11;Text
    TEXT;0;810;630;30;15;1;1;11;Text
    TEXT;0;360;645;30;15;1;1;11;Text
    TEXT;0;390;645;30;15;1;1;11;Text
    TEXT;0;420;645;30;15;1;1;11;Text
    TEXT;0;450;645;30;15;1;1;11;Text
    TEXT;0;480;645;30;15;1;1;11;Text
    TEXT;0;510;645;30;15;1;1;11;Text
    TEXT;0;540;645;30;15;1;1;11;Text
    TEXT;0;570;645;30;15;1;1;11;Text
    TEXT;0;600;645;30;15;1;1;11;Text
    TEXT;0;630;645;30;15;1;1;11;Text
    TEXT;0;660;645;30;15;1;1;11;Text
    TEXT;0;690;645;30;15;1;1;11;Text
    TEXT;0;720;645;30;15;1;1;11;Text
    TEXT;0;750;645;30;15;1;1;11;Text
    TEXT;0;780;645;30;15;1;1;11;Text
    TEXT;0;810;645;30;15;1;1;11;Text
    TEXT;0;510;570;180;60;1;1;14;BLOCK
    TEXT;0;390;570;120;60;1;1;14;BLOCK
    TEXT;0;690;570;120;60;1;1;14;BLOCK
END
BLOCK;0;SIGNAL
    LINE;0;0;270;300;270
    LINE;0;0;300;300;300
    LINE;0;0;270;0;300
    LINE;0;210;270;210;300
    LINE;0;300;270;300;300
    TEXT;0;5;270;200;15;0;1;11;Text
    TEXT;0;5;285;200;15;0;1;11;Text
    TEXT;0;215;270;80;15;0;1;11;Text
    TEXT;0;215;285;80;15;0;1;11;Text
END
BLOCK;0;SIGNAL
    LINE;0;0;120;300;120
    LINE;0;0;150;300;150
    LINE;0;0;120;0;150
    LINE;0;210;120;210;150
    LINE;0;300;120;300;150
    TEXT;0;5;120;200;15;0;1;11;Text
    TEXT;0;5;135;200;15;0;1;11;Text
    TEXT;0;215;120;80;15;0;1;11;Text
    TEXT;0;215;135;80;15;0;1;11;Text
END
BLOCK;0;SIGNAL
    LINE;0;0;330;300;330
    LINE;0;0;360;300;360
    LINE;0;0;330;0;360
    LINE;0;210;330;210;360
    LINE;0;300;330;300;360
    TEXT;0;5;330;200;15;0;1;11;Text
    TEXT;0;5;345;200;15;0;1;11;Text
    TEXT;0;215;330;80;15;0;1;11;Text
    TEXT;0;215;345;80;15;0;1;11;Text
END
BLOCK;0;SIGNAL
    LINE;0;0;360;300;360
    LINE;0;0;390;300;390
    LINE;0;0;360;0;390
    LINE;0;210;360;210;390
    LINE;0;300;360;300;390
    TEXT;0;5;360;200;15;0;1;11;Text
    TEXT;0;5;375;200;15;0;1;11;Text
    TEXT;0;215;360;80;15;0;1;11;Text
    TEXT;0;215;375;80;15;0;1;11;Text
END
