LINE;0;540;45;555;45
LINE;0;555;45;555;330
LINE;0;540;135;555;135
LINE;0;570;345;585;345
BLOCK;0;SIGNAL
    LINE;0;900;330;1200;330
    LINE;0;900;360;1200;360
    LINE;0;900;330;900;360
    LINE;0;1110;330;1110;360
    LINE;0;1200;330;1200;360
    TEXT;0;905;330;200;15;0;1;11;Text
    TEXT;0;905;345;200;15;0;1;11;Text
    TEXT;0;1115;330;80;15;0;1;11;Text
    TEXT;0;1115;345;80;15;0;1;11;Text
END
BLOCK;0;SIGNAL
    LINE;0;0;120;300;120
    LINE;0;0;150;300;150
    LINE;0;0;120;0;150
    LINE;0;210;120;210;150
    LINE;0;300;120;300;150
    TEXT;0;5;120;200;15;0;1;11;Text
    TEXT;0;5;135;200;15;0;1;11;Text
    TEXT;0;215;120;80;15;0;1;11;Text
    TEXT;0;215;135;80;15;0;1;11;Text
END
BLOCK;0;SIGNAL
    LINE;0;0;30;300;30
    LINE;0;0;60;300;60
    LINE;0;0;30;0;60
    LINE;0;210;30;210;60
    LINE;0;300;30;300;60
    TEXT;0;5;30;200;15;0;1;11;Text
    TEXT;0;5;45;200;15;0;1;11;Text
    TEXT;0;215;30;80;15;0;1;11;Text
    TEXT;0;215;45;80;15;0;1;11;Text
END
BLOCK;0;SIGNAL
    LINE;0;0;30;300;30
    LINE;0;0;60;300;60
    LINE;0;0;30;0;60
    LINE;0;210;30;210;60
    LINE;0;300;30;300;60
    TEXT;0;5;30;200;15;0;1;11;Text
    TEXT;0;5;45;200;15;0;1;11;Text
    TEXT;0;215;30;80;15;0;1;11;Text
    TEXT;0;215;45;80;15;0;1;11;Text
END
BLOCK;0;AND
    LINE;0;540;330;570;330
    LINE;0;540;360;570;360
    LINE;0;540;330;540;360
    LINE;0;570;330;570;360
    TEXT;0;540;330;30;30;1;1;14;&
END
