LINE;0;390;285;405;285
LINE;0;405;285;405;330
LINE;0;375;345;390;345
LINE;0;420;345;450;345
LINE;0;480;345;585;345
LINE;0;585;345;585;420
LINE;0;555;435;570;435
LINE;0;600;435;660;435
LINE;0;690;435;720;435
LINE;0;750;435;795;435
LINE;0;795;435;795;450
LINE;0;795;480;795;525
LINE;0;795;525;810;525
LINE;0;810;195;825;195
LINE;0;825;195;825;450
BLOCK;0;TIMERON
    LINE;0;660;420;690;420
    LINE;0;690;420;690;450
    LINE;0;690;450;660;450
    LINE;0;660;450;660;420
    LINE;0;667;438;667;442
    LINE;0;683;438;683;442
    LINE;0;683;440;667;440
    TEXT;0;660;405;30;15;1;1;11;T=1s
    TEXT;0;660;423;15;15;1;1;11;T
    TEXT;0;675;423;15;15;1;1;11;0
END
BLOCK;0;AND
    LINE;0;570;420;600;420
    LINE;0;570;450;600;450
    LINE;0;570;420;570;450
    LINE;0;600;420;600;450
    TEXT;0;570;420;30;30;1;1;14;&
END
BLOCK;0;SIGNAL
    LINE;0;930;510;1230;510
    LINE;0;930;540;1230;540
    LINE;0;930;510;930;540
    LINE;0;1140;510;1140;540
    LINE;0;1230;510;1230;540
    TEXT;0;935;510;200;15;0;1;11;Text
    TEXT;0;935;525;200;15;0;1;11;Text
    TEXT;0;1145;510;80;15;0;1;11;Text
    TEXT;0;1145;525;80;15;0;1;11;Text
END
BLOCK;0;SIGNAL
    LINE;0;30;420;330;420
    LINE;0;30;450;330;450
    LINE;0;30;420;30;450
    LINE;0;240;420;240;450
    LINE;0;330;420;330;450
    TEXT;0;35;420;200;15;0;1;11;Text
    TEXT;0;35;435;200;15;0;1;11;Text
    TEXT;0;245;420;80;15;0;1;11;Text
    TEXT;0;245;435;80;15;0;1;11;Text
END
BLOCK;0;TIMEROFF
    LINE;0;450;330;480;330
    LINE;0;480;330;480;360
    LINE;0;480;360;450;360
    LINE;0;450;360;450;330
    LINE;0;457;348;457;352
    LINE;0;473;348;473;352
    LINE;0;473;350;457;350
    TEXT;0;450;315;30;15;1;1;11;T=1s
    TEXT;0;450;333;15;15;1;1;11;0
    TEXT;0;465;333;15;15;1;1;11;T
END
BLOCK;0;OR
    LINE;0;390;330;420;330
    LINE;0;390;360;420;360
    LINE;0;390;330;390;360
    LINE;0;420;330;420;360
    TEXT;0;390;330;30;30;1;1;14;≥1
END
BLOCK;0;SIGNAL
    LINE;0;30;270;330;270
    LINE;0;30;300;330;300
    LINE;0;30;270;30;300
    LINE;0;240;270;240;300
    LINE;0;330;270;330;300
    TEXT;0;35;270;200;15;0;1;11;Text
    TEXT;0;35;285;200;15;0;1;11;Text
    TEXT;0;245;270;80;15;0;1;11;Text
    TEXT;0;245;285;80;15;0;1;11;Text
END
BLOCK;0;SIGNAL
    LINE;0;30;330;330;330
    LINE;0;30;360;330;360
    LINE;0;30;330;30;360
    LINE;0;240;330;240;360
    LINE;0;330;330;330;360
    TEXT;0;35;330;200;15;0;1;11;Text
    TEXT;0;35;345;200;15;0;1;11;Text
    TEXT;0;245;330;80;15;0;1;11;Text
    TEXT;0;245;345;80;15;0;1;11;Text
END
BLOCK;0;TIMERPULSE
    LINE;0;720;420;750;420
    LINE;0;750;420;750;450
    LINE;0;750;450;720;450
    LINE;0;720;450;720;420
    LINE;0;727;439;731;439
    LINE;0;739;439;743;439
    LINE;0;731;431;739;431
    LINE;0;731;431;731;439
    LINE;0;739;431;739;439
    TEXT;0;720;405;30;15;1;1;11;T=1s
END
BLOCK;0;SIGNAL
    LINE;0;30;180;330;180
    LINE;0;30;210;330;210
    LINE;0;30;180;30;210
    LINE;0;240;180;240;210
    LINE;0;330;180;330;210
    TEXT;0;35;180;200;15;0;1;11;Text
    TEXT;0;35;195;200;15;0;1;11;Text
    TEXT;0;245;180;80;15;0;1;11;Text
    TEXT;0;245;195;80;15;0;1;11;Text
END
BLOCK;0;MEMORYRESET
    LINE;0;780;450;780;480
    LINE;0;810;450;810;480
    LINE;0;840;450;840;480
    LINE;0;780;450;840;450
    LINE;0;780;480;840;480
    LINE;0;810;470;840;470
    RECTANGLE;0;810;470;30;10;True
    TEXT;0;780;450;30;20;1;1;14;S
    TEXT;0;810;450;30;20;1;1;14;R
END
